AI Notes:

.github/workflows/node.js.yml: +17[0] -17[0]
package.json: +24[0] -24[0]
styles/globals.css: +1-12[0],+14-27[0],+35-37[0],+49-59[0],+61-67[0],+69-71[0]
styles/Home.module.css: +5-7[0],+11[0],+28-34[0],+36-38[0],+42[0],+47-48[0],+50[0],+66[0],+71-73[0],+83[0],+85[0],+87-88[0],+94-95[0],+104[0],+107-109[0],+111-113[0],+117[0],+121-122[0],+129[0],+132[0],+147[0],+149[0],+170-171[0],+174[0],+178[0],+183[0] -5[0],-9[0],-29[0],-34[0],-51[0],-56-57[0],-67[0],-69[0],-71[0],-77-78[0],-87[0],-93[0],-103[0],-120[0],-142-143[0],-149[0]

Conversations:

[0]: aa2a16cb-65b3-48e2-8dfe-4d5c9752b503; Update app to support dark mode; composer-1;
